34599
20755
44675
10951
56121
37211
65491
3842
27651
46440
7390
26433
2951
63175
47891
59159
15081
23193
33565
31710
4319
5350
48266
34643
36546
30574
40784
49716
63224
63011
56140
30457
55626
38990
26659
3147
52716
29947
62470
34363
52021
16206
48572
39771
50687
5305
28852
47415
54924
40844
53339
16731
29800
42029
60783
61036
57651
27469
1094
40746
31938
26357
28807
19571
17105
26757
49612
10057
62452
49704
34641
23853
38562
33729
61289
52084
53933
29039
40023
40642
48858
26028
52056
395
46808
6631
1736
15634
46240
9105
30993
6822
1165
43098
42593
39035
25820
32669
56977
48440
12396
18592
23083
14617
59202
20932
23652
45475
40571
60475
17352
53216
53869
7818
33472
5789
2506
18047
37925
61740
19691
38161
9540
33096
55967
56543
37327
18102
49282
43566
5657
33516
10713
18976
42053
4357
49711
19056
24708
35987
29125
7067
29440
62141
54909
10562
4660
12058
5549
49100
37381
10873
14163
1971
33233
17512
64194
54731
51531
37382
42325
59765
34980
42198
26170
52604
48955
62499
40029
4899
21579
43526
13751
12434
45589
35892
63440
22763
19671
59053
20571
7329
63240
52597
12467
14621
2776
10516
57371
28395
10559
57763
58577
31296
32794
5195
31787
58028
20024
43311
17241
34999
17704
23128
61092
60144
47135
26984
20666
39947
29912
59363
43189
24927
6673
48949
45239
49256
40556
8213
18944
15211
5485
57155
51937
15593
7697
40383
55544
22494
33441
42705
43775
29618
39622
52482
27487
7852
56100
33387
62488
17673
32762
5869
1851
7559
30068
47694
39450
13011
2146
18161
30168
929
46937
17982
56144
65087
55003
18448
39867
24460
64964
58625
8246
15735
10579
22038
43417
18995
48385
54749
64838
29596
26909
17760
9129
47695
18206
15539
36829
35186
15126
37357
19955
37859
47540
60327
54346
8576
14732
31934
1400
42890
53114
1898
24744
9849
12495
40138
28471
48567
46423
48531
9499
8001
3789
61179
12172
31280
36291
3740
28546
18403
46393
40716
3428
23640
198
32631
30161
11077
34056
31029
65071
24858
4569
24775
6016
32109
51534
13042
39086
54151
30831
15409
23522
17067
7879
32614
54754
43384
58115
57956
28745
58366
38041
12822
55511
25034
57305
34477
36408
44406
35337
35082
12031
47614
41431
20298
16158
22394
15433
5513
40028
47454
31531
50134
59479
43062
36487
41205
4017
32736
45718
36203
26469
61065
54763
55702
52339
65399
19358
3690
52128
5181
23086
35137
12603
18057
29945
29180
59351
18799
51941
38443
49891
19124
37867
62899
35742
55126
8398
5226
19870
13083
20088
23034
45369
31974
16791
15582
65196
63974
35231
38941
53870
54265
17405
13450
21124
56497
3068
14110
58283
41459
24893
11679
38020
31760
22649
55992
10812
41742
30765
37303
30349
47719
24591
61989
16272
21451
34174
37639
63524
25269
56483
48795
6345
30764
39927
47240
28133
24610
33403
17294
55041
42164
46766
46931
64372
55134
47347
5420
31252
55646
13972
12735
15159
49954
13913
25515
19675
21231
64457
49911
8319
52591
44567
5193
1807
4975
53913
5137
23021
65360
48031
13094
11871
18079
23326
38371
39742
35131
22453
35671
13666
37813
43476
57627
16070
22106
28948
48345
13414
41406
40623
44127
41024
21850
46208
47672
56659
36965
22381
48751
27590
24968
11206
12830
31015
60172
12615
16533
56598
32587
7746
2847
21168
43111
34095
23510
37997
44895
35047
49774
61333
7435
43328
6588
14243
62541
38619
12365
56792
25518
51471
6052
36690
17922
48939
61298
43342
41461
54786
